2023
2024
2030
2031
2032
2052
2053
2054
2075
2083
2084
2085
2086
2089
2090
2091
2095
2096
2097
2099
2100
2101
2103
2105
2111
2124
2126
2127
2129
2133
2135
2145
2148
2149
2153
2155
2176
2179
2182
2187
2188
2190
2193
2316
2317
2414
2415
2512
2645
2718
2846
2873
2880
2886
2887
2888
2889
2899
2900
2901
2909
2917
2920
2921
2927
2928
2938
2939
2940
2942
2943
2944
2947
2948
2952
2957
2959
2960
2961
2962
2964
2976
2977
2979
2980
2987
2988
2989
2991
2992
2993
2994
3001
3009
3010
3017
3018
3019
3025
3030
3033
3034
3046
3047
3050
3103
3112
3117
3127
3131
3152
3157
3158
3159
3162
3170
3173
3174
3175
3179
3180
3181
3182
3183
3186
3187
3189
3190
3191
3192
3194
3195
3196
3197
3251
3255
3270
3276
3277
3301
3327
3335
3454
3836
3867
3884
4105
4106
4107
4124
4125
4127
4131
4132
4133
4135
4137
4138
4141
4143
4144
4145
4160
4162
4163
4165
4166
4167
4168
4174
4175
4176
4182
4183
4185
4186
4187
4188
4200
4202
4203
4210
4213
4214
4216
4217
4220
4221
4222
4223
4224
4225
4226
4227
4228
4229
4230
4231
4233
4235
4236
4237
4238
4239
4240
4241
4243
4244
4245
4253
4258
4259
4260
4261
4263
4264
4265
4266
4267
4271
4290
4294
4295
4296
4300
4301
4302
4317
4334
4339
4374
4375
4376
4377
4379
4389
4390
4391
4397
4400
4401
4402
4404
4405
4406
4407
4408
4409
4410
4412
4413
4414
4415
4416
4417
4418
4419
4420
4421
4422
4423
4424
4425
4426
4438
4440
4452
4456
4465
4475
4476
4477
4479
4483
4521
4530
4535
4553
4558
4559
4596
4616
4817
7994
8048
8362
8363
8377
8382
8385
8396
8397
8398
8402
8408
8409
8414
8415
8418
8426
8427
8429
8430
8431
8435
8437
8438
8439
8443
8444
8445
8446
8448
8449
8450
8451
8452
8463
8464
8465
8466
8467
8476
8489
8490
8492
8501
8507
8538
8542
8543
8544
8545
8549
8551
8552
8555
8556
8566
8567
8568
8570
8571
8572
8575
8576
8581
8582
8583
8584
8585
8587
8588
8591
8592
8596
8597
8611
8614
8617
8618
8619
8625
8627
8628
8632
8635
8653
8655
8661
8667
8668
8672
8673
8674
8675
8681
8693
8698
8699
8728
8729
8743
8746
8757
8758
8761
8762
8785
8786
8794
8801
8804
8812
8813
8815
8824
8825
8831
8854
8926
9029
9031
9043
9063
9068
9077
9110
9113
9116
9122
9123
9124
9126
9127
9128
9129
9131
9132
9134
9135
9136
9137
9139
9141
9142
9143
9145
9146
9147
9149
9150
9151
9152
9153
9154
9160
9161
9162
9171
9180
9181
9183
9184
9191
9195
9406
9528
9532
9807
9808
9809
9810
9819
9847
9875
9879
9880
9924
9957
10001
10012
10013
10018
10023
10024
10030
10031
10052
10053
10066
10067
10082
10083
10102
10166
10167
10177
10178
10205
10266
10284
10299
10300
10303
10305
10306
10307
10310
10311
10312
10313
10316
10317
10318
10319
10321
10331
10334
10340
10341
10349
10362
10364
10370
10373
10375
10380
10382
10383
10389
10390
10397
10399
10401
10403
10404
10405
10406
10409
10410
10411
10415
10420
10421
10422
10423
10432
10437
10445
10448
10449
10460
10466
11131
11434
11440
11466
11467
11468
11481
11502
11522
11524
11547
11550
11570
11574
11575
11583
11592
11593
11594
11606
11607
11608
11609
11610
11611
11612
11613
11615
11617
11628
11629
11639
11644
11655
11657
11660
11670
11677
11703
11704
11728
11770
11782
11843
11858
11948
12947
13086
13087
13133
13296
13297
13302
13307
13309
13310
13311
13315
13316
13317
13318
13319
13324
13325
13326
13327
13328
13329
13330
13337
13338
13347
13348
13353
13354
13357
13358
13359
13363
13364
13367
13368
13369
13370
13371
13372
13373
13375
13381
13382
13383
13384
13385
13386
13387
13388
13392
13393
13394
13395
13396
13397
13399
13400
13401
13403
13404
13405
13406
13407
13408
13410
13411
13412
13418
13419
13420
13421
13422
13423
13426
13427
13428
13429
13433
13436
13444
13445
13446
13450
13462
13477
13496
13531
13533
13539
13643
13644
13645
13678
13686
13687
13688
13698
13735
13745
13758
13770
13771
13772
13783
13792
13794
13798
13803
13808
13828
13839
13840
13841
13842
13854
13855
13869
13871
13872
13873
13874
13880
13889
13894
13895
13900
13933
13934
13959
13963
13977
14057
14118
14119
14120
14126
14147
14165
14166
14167
14168
14172
14175
14176
14177
14178
14179
14181
14182
14183
14184
14185
14186
14187
14188
14189
14190
14191
14195
14203
14204
14205
14206
14207
14208
14209
14210
14212
14213
14214
14215
14217
14218
14227
14229
14230
14232
14235
14237
14238
14239
14240
14242
14244
14245
14246
14247
14249
14257
14266
14267
14272
14332
14933
14934
14935
14938
14943
14990
14991
15019
15020
15047
15048
15049
15110
15111
15127
15128
15160
15170
15181
15182
15183
15184
15208
15237
15248
15254
15255
15256
15267
15268
15269
15272
15286
15287
15288
15309
15339
15340
15341
15342
15344
15345
15347
15351
15352
15353
15366
15387
15418
15466
15506
15652
15653
15654
15672
15720
15739
15764
15767
15769
15774
15775
15777
15781
15783
15784
15789
15790
15791
15792
15793
15794
15797
15798
15799
15800
15803
15804
15805
15806
15807
15808
15809
15810
15811
15812
15813
15814
15815
15816
15817
15819
15820
15821
15823
15825
15829
15830
15835
15839
15840
15845
15847
15848
15855
15871
15880
15881
19047
19049
19070
19080
19090
19118
19130
19725
19726
19730
19731
19745
19746
19764
19768
19772
19779
19780
19782
19783
19784
19785
19787
19788
19789
19790
19797
19798
19799
19806
19809
19810
19811
19815
19818
19828
19829
19834
19835
19846
19847
19848
19851
19868
19870
19871
19885
19965
19966
20064
20338
20537
20707
21983
21998
22001
22011
22012
22013
22019
22026
22027
22029
22049
22054
22055
22064
22065
22066
22067
22068
22069
22072
22073
22078
22087
22088
22089
22096
22097
22104
22113
22114
22115
22116
22119
22120
22121
22122
22128
22129
22130
22131
22132
22136
22137
22138
22140
22142
22143
22145
22146
22147
22148
22149
22150
22153
22154
22155
22156
22158
22159
22160
22161
22162
22165
22167
22168
22170
22181
22196
22248
22249
22250
22252
22277
22332
22333
22350
22356
22357
22367
22368
22415
22416
22498
22534
22535
22536
22595
22596
22597
22599
22600
22602
22603
22605
22606
22607
22608
22609
22612
22613
22616
22621
22623
22625
22631
22632
22651
22652
22653
22658
22665
22669
22670
22680
22683
22687
22688
22692
22693
22694
22695
22696
22697
22698
22699
22700
22701
22703
22704
22705
22708
22711
22712
22716
22717
22719
22720
22727
22739
22748
23686
23687
23688
23692
23701
23742
23745
23778
23790
23791
23818
23850
23863
23864
23867
23868
23869
23875
23879
23891
23892
23893
23895
23896
23897
23912
23913
23914
23930
23931
23939
23942
23943
23952
23977
23992
23996
23997
24010
24013
24015
24022
24030
24031
24032
24033
24036
24037
24039
24046
24048
24055
24056
24057
24063
24064
24065
24066
24067
24069
24073
24078
24079
24085
24088
24092
24096
24102
24103
24104
24105
24107
24108
24109
24113
24114
24115
24117
24118
24119
24120
24121
24124
24125
24126
24127
24128
24129
24131
24132
24133
24134
24136
24137
24139
24140
24142
24143
24144
24145
24146
24148
24149
24159
24160
24161
24163
24164
24167
24168
24170
24171
24174
24175
24178
24180
24181
24182
24183
24184
24186
24187
24188
24189
24191
24192
24195
24196
24197
24205
24276
24277
24278
24302
24304
24305
24308
24313
24319
24324
24326
24328
24329
24330
24334
24339
24340
24341
24342
24343
24346
24351
24354
24355
24356
24357
24358
24359
24361
24362
24363
24364
24365
24366
24367
24368
24369
24370
24371
24372
24373
24374
24375
24376
24377
24378
24379
24380
24381
24382
24383
24384
24385
24386
24387
24388
