2196
2197
2200
2201
2206
2209
2259
2260
2261
2269
2270
2271
2279
2280
2281
2297
2305
2321
2322
2324
2325
2333
2340
2341
2349
2350
2352
2353
2354
2358
2359
2360
2369
2371
2372
2373
2379
2389
2390
2433
2447
2457
2472
2514
2515
2516
2522
2681
2684
2707
2708
2709
2715
2724
2727
2761
2800
2805
2814
2830
2831
2832
2834
2840
2841
2854
2857
2859
2862
2864
2866
2881
3015
3107
3537
4753
4754
4768
4771
4786
4787
4794
4851
4867
4868
4876
4877
4883
4885
4886
4892
4896
4897
4898
4916
4928
4936
4937
4939
4940
4946
4947
4949
4967
4973
4985
4986
4988
4989
5027
5280
5281
5296
5677
5678
5687
5689
5691
5694
5695
5696
5697
5698
5701
5703
5712
5713
5714
5715
5727
5734
5738
5763
5777
5782
5783
5788
5789
5802
5821
5827
5834
5843
5844
5845
5855
5863
5870
5892
5893
5896
5966
5988
6245
6246
6301
6304
6327
6429
6432
6435
6454
6457
6678
6687
6697
6700
6701
6703
6704
6705
6707
6710
6711
6717
6724
6734
6739
6740
6759
6760
6761
6767
6771
6772
6776
6779
6800
6816
6819
6844
6849
6852
6853
6878
6879
6906
6907
6908
6915
6939
6940
6951
6952
6953
6962
6966
6970
6971
6990
7042
7046
7047
7048
7051
7052
7055
7056
7057
7063
7072
7073
7074
7077
7083
7087
7091
7094
7095
7096
7099
7102
7107
7113
7126
7136
7158
7174
7187
7201
7285
7302
7303
7317
7330
7356
7387
7412
7932
9650
9708
10513
10514
10515
10540
10545
10546
10547
10550
10553
10556
10567
10632
10645
10792
10929
10945
10957
11160
11161
11166
11167
11168
11177
11186
11233
11234
11235
11287
11288
11327
11384
11526
11527
11528
11554
11598
11685
11761
11784
11806
11846
11847
11848
11853
11867
11880
11912
11926
11942
11970
11971
11979
11990
11991
11993
11994
11995
12011
12017
12024
12046
12061
12063
12068
12076
12077
12080
12081
12082
12083
12094
12098
12100
12102
12103
12105
12112
12113
12114
12115
12116
12117
12118
12122
12123
12127
12130
12131
12137
12138
12150
12151
12163
12167
12172
12181
12183
12186
12207
12211
12214
12217
12232
12239
12240
12244
12256
12269
12290
12303
12307
12308
12313
12314
12331
12332
12344
12356
12358
12362
12364
12365
12366
12368
12383
12387
12390
12396
12408
12409
12410
12426
12429
12442
12443
12452
12503
12527
12528
12709
12748
16000
16001
16026
16032
16037
16050
16056
16070
16085
16164
16524
16525
16539
16557
16566
16584
16910
16911
16912
16967
16968
16969
16970
16983
16985
16996
16998
17000
17006
17009
17019
17042
17043
17044
17049
17059
17060
17071
17072
17079
17080
17082
17093
17094
17102
17103
17104
17125
17131
17139
17182
17219
17224
17232
17233
17248
17250
17257
17258
17264
17348
17349
17353
17355
17356
17357
17358
17368
17391
17408
17409
17411
17415
17420
17421
17422
17426
17429
17431
17432
17444
17453
17457
17462
17473
17504
17512
17522
17843
17873
17874
17875
17876
17905
17907
17915
17920
17921
17952
17954
17955
17957
17960
17961
17962
17963
17974
17993
18005
18013
18014
18067
18110
18134
18135
18136
18168
18175
18180
18181
18298
18300
18341
18342
18343
18938
18939
18940
18943
18944
18945
18946
18947
18949
18950
18951
18952
18954
18957
18960
18963
18968
18969
18972
18973
18974
18981
18982
18983
18984
18985
18986
18987
18988
18993
18994
18995
18996
19001
19002
19003
19004
19008
19009
19010
19013
19015
19019
19020
19023
19032
19036
19037
19050
19051
19055
19064
19065
19102
19924
19925
20436
20524
20525
20593
20759
20777
20788
20796
20818
20820
20821
20829
20840
20843
20851
20870
20879
20880
20892
20893
20894
20896
20899
20906
20907
21012
21074
21131
21133
21138
21143
21146
21147
21301
21324
21326
21372
21397
21411
21442
21452
21462
21493
21494
21495
21498
21499
21544
22725
22726
22730
22731
22745
22746
22747
22750
22754
22763
22775
22781
22785
22797
22808
22810
22811
22836
22845
22867
22923
